time,x,y,z,phi,theta,psi,x_velocity,y_velocity,z_velocity,phi_velocity,theta_velocity,psi_velocity,rotor_speed1,rotor_speed2,rotor_speed3,rotor_speed4
0.06,4.91297395427e-07,6.27661435279e-07,10.0023322417,0.000364808154085,6.28289975569,0.0,3.51078079895e-05,4.4852290737e-05,0.0776352695883,0.0122088891184,-0.0095564662472,0.0,430.19580354494315,429.39325742176914,429.33375175660177,430.3589286538608
0.12000000000000001,9.94266047687e-06,1.39637711452e-05,10.0086864993,0.00167330405735,6.2824682067,0.0,0.000325685272247,0.000506225112734,0.134093400564,0.031482971874,-0.00480994879029,0.0,423.0843599140626,423.51169845063026,422.193384185524,423.81067695136414
0.18,4.8296260194e-05,9.55445323294e-05,10.023607246,0.00431201793573,6.28222239398,0.0,0.000983960128054,0.00250126626886,0.362877228982,0.0565820184563,-0.00337789069259,0.0,477.1364660940111,477.25613675987114,475.2129953829253,477.0428074614208
0.23999999999999996,0.000126207437014,0.000338679387334,10.0465438753,0.0077480154292,6.28199311144,0.0,0.00163349248091,0.00592093129766,0.401610711163,0.0579571028111,-0.00426846295349,0.0,418.1447392273563,418.07575911848267,418.4192821939706,418.4062232530707
0.3,0.000249044904333,0.000867351935616,10.0736602061,0.0111652810067,6.28218948604,0.0,0.00245631618212,0.0120507902367,0.502084154732,0.0559455649061,0.0108772755418,0.0,438.6276615405704,439.8852618500541,437.9382403877135,437.63620405756336
0.36000000000000004,0.000411545289955,0.00180746480636,10.104524617,0.0146554618034,0.000273546086603,0.0,0.00286378966395,0.0195987464458,0.526681685053,0.0604111980691,0.0315166427495,0.0,412.8024468969132,414.58347105967636,414.32444652363756,414.58295871510927
0.4200000000000001,0.000567895939785,0.00334697952389,10.1422061052,0.0181578271628,0.00249593362262,0.0,0.00210090651963,0.0321269782317,0.728947992959,0.05632075378,0.0426124828759,0.0,469.5175741028616,470.29661655985115,470.9720541378599,470.5147564166683
0.48000000000000015,0.000634380649956,0.00565751838456,10.188678271,0.0214456141908,0.00448708265511,0.0,-0.00010372604637,0.0452213060584,0.819925881435,0.0532613331775,0.0236826398382,0.0,437.2970132137311,435.6214310837131,437.5056141889679,437.1168060584865
0.5400000000000001,0.000513380203318,0.00890668651621,10.2444606552,0.0253909285797,0.00570978977366,0.0,-0.00408137375377,0.0635144452353,1.03896075772,0.0783611020278,0.0170460987168,0.0,476.8807498617051,476.31820494552795,475.6963452700353,477.4766639440939
0.6000000000000002,0.000150410860491,0.0132401351162,10.3090056618,0.0305814210683,0.00723395086898,0.0,-0.00814955906412,0.0814218686192,1.11234940285,0.094722186126,0.0338304238207,0.0,431.83387499944706,433.2011381396642,432.40411553201636,433.5874359676191
0.6600000000000003,-0.000524229853215,0.0189025750195,10.3825836628,0.0372764522779,0.00887394235986,0.0,-0.0145478758921,0.108074303058,1.33961974962,0.128596206462,0.0207787873823,0.0,481.0901398688605,480.02046081046194,479.31508767332906,481.6462430637707
0.7200000000000003,-0.00159672637338,0.0262430329775,10.4674270993,0.0446918385107,0.00908818557343,0.0,-0.0212595023451,0.137411442346,1.48804628632,0.118547993268,-0.0137929263028,0.0,458.6151363357333,455.81295240994444,459.7140794006268,458.60631816368635
0.7800000000000004,-0.00306109113223,0.0354623617819,10.5602134742,0.0521206860218,0.00798888518444,0.0,-0.0274442852308,0.170647872884,1.60445730114,0.129127520307,-0.022891753254,0.0,449.86173554023463,449.1602938370521,448.5909758972396,449.1586037837036
0.8400000000000004,-0.00487806461832,0.0468879247911,10.6609427565,0.06054293244,0.00607057623193,0.0,-0.0329284156753,0.2110731886,1.75268009147,0.151713048379,-0.0411359008955,0.0,460.6020738383792,459.2163191175684,459.1247144917646,460.59706354426623
0.9000000000000005,-0.00697895602018,0.0609292811081,10.7705278484,0.0704641620542,0.00410191839143,0.0,-0.0368655512915,0.257991892772,1.89961183623,0.179113168099,-0.0244114558951,0.0,459.97288110277213,461.40246236646556,459.55024927982953,461.3481372330822
0.9600000000000005,-0.0092707166249,0.0778950111997,10.8873345602,0.081136330676,0.00325817231856,0.0,-0.0394186438223,0.308589151251,1.99354395823,0.176621297316,-0.00361890611888,0.0,445.14768285418484,446.913543800916,444.6111224241702,443.96538939342065
1.0200000000000005,-0.011695808817,0.0979925240636,11.0082878868,0.0921572492502,0.00217422517367,0.0,-0.0413426537893,0.362332494043,2.03798149159,0.190799939555,-0.0326435423011,0.0,431.0155883801481,428.5569765660774,429.80240979270326,430.57049264814106
1.0800000000000005,-0.0142164210967,0.121798441656,11.1347618133,0.10411362511,0.00033251918849,0.0,-0.0424732992404,0.432417596099,2.17718464439,0.207822939251,-0.0287298479806,0.0,460.11149965100054,460.50814706300304,460.8966035370417,461.77463035607803
1.1400000000000006,-0.0167641206115,0.150116584138,11.2699620248,0.116852056509,6.28123143142,0.0,-0.0422189498038,0.512840844144,2.3287528569,0.216838076784,-0.0475738489171,0.0,466.0742428979345,464.67126098463194,466.4875104510019,466.68022154043024
1.2000000000000006,-0.0192447399452,0.183365252232,11.4127353443,0.129590415934,6.27790025291,0.0,-0.0401433779626,0.596703672129,2.42977735444,0.207745191492,-0.0635407452383,0.0,452.9774487651494,451.8130480675921,451.87060767297976,450.59106198641706
1.2600000000000007,-0.0215129346623,0.222290071439,11.5644293558,0.14189312279,6.2749977149,0.0,-0.0350923975857,0.702108832046,2.62566228978,0.20233518988,-0.0330667167713,0.0,480.33389725235224,482.8176364117487,483.20029738485,482.2672586785186
1.3200000000000007,-0.0234470203863,0.267278481795,11.7240495071,0.154887053404,6.27244991238,0.0,-0.0291480887729,0.79868501068,2.69448311858,0.230916349774,-0.051949628716,0.0,445.1033135073281,443.63554163712246,444.5267857649975,446.36485974825365
1.3800000000000008,-0.0249750059756,0.31824047997,11.8872481647,0.169096649188,6.26857153821,0.0,-0.0214409265395,0.901327237646,2.74496682405,0.242788227885,-0.0774486496505,0.0,442.92586048852723,440.9503217652525,438.1241817894726,438.53118356434726
1.4400000000000008,-0.026046052924,0.374696194528,12.0480223453,0.184435574828,6.2640480224,0.0,-0.0139394615025,0.981615098873,2.61440455379,0.268590290714,-0.0733155242817,0.0,377.50964031668695,378.12947817346026,375.5650399140715,377.4723160625549
1.5000000000000009,-0.0264088829744,0.437995706645,12.2104963319,0.20071992247,6.25904673981,0.0,0.00238643248702,1.13004097571,2.80012116423,0.274262148366,-0.0934961534849,0.0,483.5778555990361,482.2445315316273,484.05744014383686,483.8175837045707
1.560000000000001,-0.0257728216351,0.509748799334,12.3800262991,0.217386443097,6.2534786637,0.0,0.0193455205256,1.26320571416,2.85018104594,0.281322672184,-0.0921024696056,0.0,443.5531315420809,443.9242977778073,443.3583911346638,443.2503137522919
1.620000000000001,-0.024000120977,0.589866796757,12.5527485073,0.234601717648,6.24670775086,0.0,0.0403530112149,1.40890980296,2.90642282507,0.292571320127,-0.133787428497,0.0,449.6670098274572,446.4986700148957,446.1180590335799,446.33256496271605
1.680000000000001,-0.0208582613563,0.678856834741,12.727943772,0.251655178683,6.23907515161,0.0,0.0650907865984,1.55888544579,2.93269641411,0.275820106082,-0.120577086539,0.0,438.2150709186065,439.6880685601072,440.2354781337926,438.08408220626177
1.740000000000001,-0.0157179137714,0.779200203869,12.9124924592,0.269692330974,6.23094558969,0.0,0.107221476122,1.78769106104,3.21666055399,0.325666796541,-0.150571923617,0.0,520.5767612068727,518.7856168238116,519.1219436390619,521.9349734805097
1.8000000000000012,-0.00820796030622,0.89182021039,13.1070617161,0.290027498645,6.22202071519,0.0,0.14396088274,1.96801170834,3.26785261607,0.35228593834,-0.14691256123,0.0,453.29540674686575,454.0097243107491,453.0722525481654,454.40170456870584
1.8600000000000012,0.00144257588716,1.01452761627,13.3008898796,0.311244839029,6.21238704052,0.0,0.178468723221,2.12380430544,3.19258077743,0.354967699983,-0.174327234943,0.0,413.8847270619427,411.84133041813124,412.4193701409953,411.75117204719044
1.9200000000000013,0.0133265723424,1.14691904922,13.4901550468,0.332810633801,6.20235295075,0.0,0.218474415233,2.29080413752,3.11566256701,0.363923859317,-0.160082475108,0.0,412.12637661271816,413.8915106265596,413.48837064106897,413.3769593475271
1.9800000000000013,0.0281395735455,1.29112563498,13.6789058691,0.354133907827,6.19360925658,0.0,0.276142729247,2.51779865236,3.17449158742,0.346803889058,-0.131248043784,0.0,460.2006251944248,462.94975282699784,463.88226885314253,461.58609290032217
2.0400000000000014,0.0463261691842,1.44834460467,13.8683529421,0.374328047322,6.18629112753,0.0,0.330701191859,2.72429713617,3.13941604082,0.326264807327,-0.112607018597,0.0,432.5054914579731,434.4719413797656,434.55652202773547,431.89375467757645
2.1000000000000014,0.0681734931982,1.61924032621,14.0580130628,0.393907621061,6.17914774826,0.0,0.398161023203,2.9736333095,3.18102223751,0.326404507539,-0.125573953417,0.0,462.2540145859167,461.5392180091403,463.2969914213027,462.4499929903946
2.1600000000000015,0.0943746791312,1.8060213066,14.2513817198,0.414408770793,6.17086870632,0.0,0.475944754719,3.25380911803,3.26258230034,0.35711657117,-0.150525724668,0.0,479.6069874101257,478.0411273083307,479.122142539987,480.62570722564175
2.2200000000000015,0.125107490473,2.00886275754,14.4468852455,0.436132890218,6.1611336669,0.0,0.549281443387,3.50897563595,3.25261554519,0.3670748511,-0.174092990152,0.0,453.8359067369401,452.3438291303579,452.80864980209327,452.6727843993791
2.2800000000000016,0.160295821538,2.22690282887,14.6406280443,0.45868635969,6.14958519322,0.0,0.624567165723,3.76038661233,3.20399166399,0.384787938442,-0.211030689934,0.0,444.4681305822929,441.87858430928014,442.5209564822039,443.02280379011626
2.3400000000000016,0.20045242098,2.46114781851,14.8328332178,0.483417238602,6.13748267177,0.0,0.71502274313,4.04920524845,3.20074015563,0.439809858207,-0.192311534607,0.0,462.15443867108195,464.2583783817109,461.43815688838805,464.82526151457074
2.4000000000000017,0.245501246244,2.71070088134,15.0200338027,0.510443307112,6.12517351569,0.0,0.787435606723,4.27067067323,3.0381906237,0.461134730976,-0.218106774339,0.0,408.34818403186006,406.55873007492215,408.1239729896407,408.8984209469436
2.4600000000000017,0.296022854673,2.9767383752,15.2023796468,0.538286889361,6.1119449831,0.0,0.897690565726,4.5987075678,3.03725538084,0.467040574623,-0.222882901046,0.0,472.9172444243208,473.1712613158719,473.6824534845369,472.9360856936453
2.520000000000002,0.35292621819,3.2614235209,15.3819203424,0.566382457593,6.09896960733,0.0,1.00003262711,4.8921143534,2.94527888476,0.469509821901,-0.209579537617,0.0,445.19988473574546,446.9691022035661,446.5140403804292,445.471732180336
2.580000000000002,0.416411625697,3.56470502666,15.5566424335,0.594772788082,6.08557082217,0.0,1.11707934276,5.21843933589,2.87617759179,0.476892428901,-0.237190701938,0.0,461.2487169148341,459.63775602779754,461.3453357710641,460.68022865620725
2.640000000000002,0.486641840152,3.88647787147,15.7247591802,0.624177234917,6.0709786946,0.0,1.22486476214,5.50840709005,2.72561875084,0.503369977254,-0.249278342248,0.0,435.7912418312292,435.4684799331369,434.1073806708431,435.08583250839536
2.700000000000002,0.563456153836,4.22566823859,15.8831376844,0.655264611414,6.05605261658,0.0,1.33652162092,5.798959788,2.55148764589,0.532999671914,-0.24826412374,0.0,431.07156715163234,431.9160956952142,430.5498905668541,431.7529855322547
2.760000000000002,0.64769533783,4.5839213307,16.0324532311,0.687055775699,6.04039121005,0.0,1.472379283,6.14362321069,2.42268249857,0.526721731641,-0.273920457916,0.0,458.31878272148936,456.972977651567,458.10128467942576,456.1415935324236
2.820000000000002,0.739272437064,4.96044402384,16.1703461157,0.719173418333,6.02372674183,0.0,1.58105840732,6.40791210362,2.17187821906,0.543940333423,-0.281603929054,0.0,411.19840349298573,411.3473249187009,411.14265538397257,411.2486221966353
2.880000000000002,0.839183650431,5.35702164653,16.2973723007,0.752230408877,6.00719853679,0.0,1.75020216413,6.81159851466,2.05842480359,0.558067696869,-0.269305799476,0.0,478.5530056635408,480.3627727606274,480.9943056817768,480.60480187336486
2.940000000000002,0.949017503962,5.77691563549,16.4158011213,0.786890110486,5.99123798884,0.0,1.91162422311,7.18502906699,1.88563249454,0.597449340678,-0.262704882383,0.0,464.19220509965197,465.56264774061964,465.3146513897925,466.93496690684344
3.000000000000002,1.06749926629,6.21649650573,16.5204325181,0.82240459015,5.97601613507,0.0,2.0383236341,7.46796804038,1.59968559216,0.586361009379,-0.244620460886,0.0,420.00328938943625,422.47982598210814,422.6541313225462,419.9570211135776
3.0600000000000023,1.19396962047,6.67375246295,16.6080218851,0.858336834543,5.96136923165,0.0,2.17776812864,7.77389778943,1.31725399821,0.611504340986,-0.2436210025,0.0,431.3295884626295,432.22011985835434,431.8822080791217,432.39969319921295
3.1200000000000023,1.32983399499,7.15150280176,16.6799435279,0.895826330973,5.94647310976,0.0,2.35128439863,8.15056874403,1.07635052449,0.638303053948,-0.252988576879,0.0,464.8228457289598,464.8569621771269,464.03231686899517,464.46957147497
3.1800000000000024,1.47652812386,7.65256331163,16.7373011429,0.934474588776,5.9309862352,0.0,2.53861966286,8.55046914066,0.831346415106,0.650088551266,-0.263323634241,0.0,476.4432216307583,476.45545521031164,476.7035388292106,475.808722461652
3.2400000000000024,1.63310629244,8.17441164064,16.7769323635,0.973871829101,5.91409863241,0.0,2.68080655432,8.84377177627,0.486806744429,0.663246889051,-0.299795267011,0.0,434.7133514062737,432.41901796809435,434.3929435380155,433.6179218051212
3.3000000000000025,1.79719443446,8.71146123484,16.7938095146,1.01494878418,5.89580718907,0.0,2.78898449412,9.05739047537,0.0737903639251,0.706151832805,-0.309981772366,0.0,400.478175534759,400.56107709058244,397.3623875723611,399.47180404880424
3.3600000000000025,1.96915889629,9.2640241593,16.7872144589,1.05751718892,5.87717189808,0.0,2.94308047608,9.35999619429,-0.296876524699,0.712883203757,-0.311230032958,0.0,440.9768205385466,441.93410012754345,442.28202855664154,440.76533505477556
3.4200000000000026,2.15067830145,9.83512592013,16.7581047222,1.10119151115,5.85794205788,0.0,3.10727943711,9.67489432518,-0.676910313763,0.743105408516,-0.329891357369,0.0,451.43294160569866,450.935550295143,450.43174642480585,450.8526086862475
3.4800000000000026,2.34089324903,10.4226016582,16.7044367289,1.14679259886,5.83802419078,0.0,3.23289871401,9.90610766281,-1.11455978646,0.777098117891,-0.334084812247,0.0,420.7683015740884,421.57072979000037,420.62393154637067,421.4444051134672
3.5400000000000027,2.53956286068,11.0255180025,16.6248333835,1.19425366767,5.81810383348,0.0,3.38873943349,10.1887654017,-1.54215188324,0.805113783745,-0.329942815174,0.0,447.1273679904591,448.67078702777013,447.04969232270577,447.0890996522836
3.6000000000000028,2.74702747954,11.6441645354,16.5186387514,1.24322395067,5.79715484454,0.0,3.52592080292,10.4304348238,-2.00049276523,0.827381535894,-0.368585689046,0.0,438.0593037183751,435.86849056096304,438.259339026404,437.72932132100397
3.660000000000003,2.96153629237,12.2750246595,16.3837922875,1.29376764547,5.77527434473,0.0,3.62353788287,10.5963062229,-2.49634820296,0.857564798991,-0.36075633154,0.0,411.50601682027167,413.62657796442465,411.6306033865004,411.84962396099496
3.720000000000003,3.18285310989,12.9173869859,16.2193414677,1.34671202,5.75335768826,0.0,3.75238050285,10.8129348271,-2.98793028031,0.907495409321,-0.369885130817,0.0,439.5989668630451,440.14384985386033,438.4902507490569,440.2013214043645
3.780000000000003,3.41117413277,13.5714304159,16.0247247773,1.40254871581,5.73056083092,0.0,3.8568354556,10.9858133956,-3.50144024658,0.95395486073,-0.39015088985,0.0,429.69310204113515,429.2782150788026,428.92368693707,430.2626033252396
3.840000000000003,3.64474668934,14.234187199,15.7987003115,1.46063940994,5.70701608437,0.0,3.92733868407,11.1037833537,-4.0342542185,0.982562129257,-0.394731227674,0.0,413.3663603840417,414.4641276340396,413.6267628647522,413.282369865743
3.900000000000003,3.88370561192,14.9058208009,15.5406349526,1.52027686387,5.68325990313,0.0,4.03579201001,11.2806673404,-4.57001497684,1.00553212238,-0.397200156919,0.0,444.8623947186539,446.167267570842,446.6232456858866,445.52987983802075
3.960000000000003,4.12974393762,15.5888856114,15.2500827455,1.58151336086,5.65904684088,0.0,4.1628135175,11.4841779645,-5.11729637607,1.03590741342,-0.410024610403,0.0,465.3357631922553,465.7963500084161,466.5426324375673,465.90357828674695
4.020000000000002,4.38220595522,16.2824877249,14.9262860042,1.6442615154,5.6352664295,0.0,4.24986119305,11.6325837362,-5.6775436025,1.05587195174,-0.382548098137,0.0,452.3278960181204,456.2981347827564,454.23678194949855,452.6256839182138
4.080000000000001,4.63990317576,16.9850972404,14.568505037,1.70804115697,5.61146493337,0.0,4.33695578109,11.7842640779,-6.24999822545,1.07028077317,-0.411044811927,0.0,464.6921759863094,463.8345555171119,465.7841260061752,463.58116050520283
4.14,4.90117795829,17.6948841082,14.1762789555,1.7739344393,5.58645111654,0.0,4.36934112946,11.8730386477,-6.8251840986,1.1264259576,-0.42285249315,0.0,445.00517531939863,445.6556383940158,446.4460771490733,447.83924304614396
4.199999999999998,5.16695086851,18.4132047753,13.7485528149,1.84209287075,5.56010362648,0.0,4.48578508559,12.0668230411,-7.4339985615,1.14572924255,-0.455652987722,0.0,499.3033084059402,498.41871032467327,499.9043409264379,497.8098727521104
4.259999999999997,5.43478630405,19.1379239694,13.2852748108,1.91238956371,5.53168338251,0.0,4.43955850676,12.0902545254,-8.00939653058,1.19769617484,-0.491913731135,0.0,430.86100120876006,429.4681239388908,430.22424884421775,431.1354702182397
4.319999999999996,5.70006786603,19.8647644201,12.7870263965,1.98527596345,5.50114526502,0.0,4.4005621507,12.1376907079,-8.60009054505,1.23199959872,-0.526239138844,0.0,443.56195707682167,442.5597389856382,442.99492544139025,442.09288030722416
4.379999999999995,5.96171865752,20.5937821481,12.2533858161,2.0611049657,5.46901095473,0.0,4.31905942358,12.164141262,-9.1895367836,1.2958241578,-0.545015984079,0.0,428.90695344102596,429.3913609269411,429.3504522716447,431.15917516702405
4.439999999999993,6.22077636655,21.326880619,11.6827947517,2.1402759577,5.43598991383,0.0,4.31356717681,12.2724024916,-9.83243719858,1.34339092292,-0.555768540924,0.0,471.2316075494745,472.5270136449869,471.8398813082427,471.7114425116502
4.499999999999992,6.47584560491,22.0642085138,11.0746493219,2.22120214707,5.40253805341,0.0,4.18772715006,12.3079393044,-10.442076202,1.35413910069,-0.559297706098,0.0,422.64002330128505,424.655961571779,424.87439710173237,421.55788709128717
4.559999999999991,6.72562721352,22.805804766,10.4280406427,2.30389134154,5.36781639678,0.0,4.13714381373,12.4135138471,-11.1151898108,1.40227665398,-0.598308050428,0.0,460.46654594677057,459.3917832167024,460.12304999389664,460.04123778830007
4.6199999999999894,6.97131601595,23.5536019977,9.74069565703,2.38896796854,5.33147408428,0.0,4.05257495984,12.5156685141,-11.8010325569,1.43361788298,-0.613155097186,0.0,446.7133288059745,447.8150940289031,448.2422333572044,446.719586345203
4.679999999999988,7.21393709837,24.3089746864,9.01018293553,2.47605630747,5.2939575262,0.0,4.03527053062,12.6651265475,-12.5546678969,1.46934710268,-0.637505958202,0.0,473.4030173821848,473.76805052030784,474.0286657556575,472.76178208496384
4.739999999999987,7.44975510095,25.0713433873,8.23639190217,2.56552438434,5.25520824863,0.0,3.82902243491,12.7520181949,-13.2457145425,1.51278774718,-0.654125173642,0.0,387.87520303408564,388.81772468581823,389.03444713871403,389.11438740125845
4.799999999999986,7.67852686801,25.8412889866,7.41734100795,2.65713700212,5.21627076958,0.0,3.80002358556,12.9150683938,-14.0627685935,1.54085849473,-0.643661099056,0.0,451.2098723087051,454.5815081201702,453.48227158896805,451.74327638401996
4.859999999999984,7.91021280691,26.6224070911,6.54599270316,2.7510071918,5.1768782651,0.0,3.92608837261,13.1226686811,-14.9880806992,1.58812218573,-0.669514428182,0.0,499.54174307234393,499.84344178159205,500.6125447772995,500.2317794643075
4.919999999999983,8.14639734018,27.4154051127,5.6196820095,2.84743296442,5.13654870932,0.0,3.95276374061,13.3126831121,-15.8959419499,1.62589445468,-0.674727979273,0.0,454.61436765303705,456.58961972498355,454.16481011978556,453.37924856632577
4.979999999999982,8.38418755812,28.2200755154,4.63806884983,2.94583776077,5.09563967565,0.0,3.98118793925,13.5123026064,-16.8313867769,1.6540121587,-0.688852698169,0.0,437.6151822423862,438.7627129517999,439.5879392759418,438.17211944946223
5.0399999999999805,8.63044230659,29.0376484548,3.59698662534,3.0450469147,5.05312692471,0.0,4.23451394554,13.7420711289,-17.875982693,1.65273167441,-0.728346174617,0.0,496.86378707099766,496.0798965275979,501.15650180439104,497.26724320514194
